//注：初始界面有正确数据，直接按按钮即可初始化
//**********test data 1**********
// gameInit:
5 10110
5 01001
10

// rankInit:
7 2 1 8 4
2 4 10
7 1 9 4 8
4 6 7 8 5
8 6 1 

9 2 3 
4 3 6 2 8 
5 3 2 
5 6 2 
7 4 8 3 1 

//**********test data 2**********
// gameInit:
10 1011011001
10 1101001101
50

// rankInit:
44 45 47 28 16 
31 35 30 
1  31 30 11 29 
29 1  31 33 44 
19 9  45 
48 13 35 31 20 
43 13 31 23 48 
37 6  17 
8  29 11 
17 12 48 28 2 

37 36 27 17 11 
5  20 47 35 14 
8  29 47 
21 19 43 36 12 
11 5  18 
17 20 18 
34 6  4  35 19 
12 6  40 30 41 
16 8  39 
2  31 11 46 1 
